I_10: 10.0
I_20: 20.0
Lambda_M: 293531.0
Lambda_S: 9.828000000000001
Lambda_S_m1: 1.092
M_10: 20.0
M_20: 30.0
M_s0: 120000.0
Rec_0: 0.0
S_0: 35570.0
S_m1_0: 4400.0
T: 53
Y_m1_c0: 0.0
Y_m1_h0: 0.0
alpha_c: 0.414720782
alpha_h: 0.92786953
b: 26.649994
beta_H: 0.042837955
beta_M: 0.0013727
h: !!python/object/apply:numpy.core.multiarray.scalar
- !!python/object/apply:numpy.dtype
  args:
  - f8
  - 0
  - 1
  state: !!python/tuple
  - 3
  - <
  - null
  - null
  - null
  - -1
  - -1
  - 0
- !!binary |
  b3ao51/PKD8=
mu_H: 0.000273
mu_M: 0.526516297
p: 0.05
r_zero: 0
sigma: 2.958509051
theta: 0.086764968
z0: 1.05
